base 20 4
00 地球 0
01 月球 1 2000 500 1000 3000 5000
02 火星 1 700 200 500 1000 3000
03 木星 1 750 200 600 1200 3200
04 命運 -1
05 土星 1 2000 500 1000 3000 5000
06 天王星 1 2000 500 1000 3000 5000
07 白洞 -3
08 海王星 1 2000 500 1000 3000 5000
08 冥王星 1 2000 500 1000 3000 5000
09 天狼星 1 2000 500 1000 3000 5000
10 織女星 1 2000 500 1000 3000 5000
11 游泳池 1 2000 500 1000 3000 5000
12 學人宿舍 1 2000 500 1000 3000 5000
13 含星莊 1 2000 500 1000 3000 5000
14 環頸雉 1 2000 500 1000 3000 5000
15 環境學院 1 2000 500 1000 3000 5000
16 機會 -2
17 花師 1 2000 500 1000 3000 5000
18 行政大樓 1 2000 500 1000 3000 5000
19 管理學院 1 2000 500 1000 3000 5000
20 原民院 1 2000 500 1000 3000 5000
21 華胡 1 2000 500 1000 3000 5000
22 人社學院 1 2000 500 1000 3000 5000
23 湖畔餐廳 1 2000 500 1000 3000 5000
24 擷雲莊 1 2000 500 1000 3000 5000
25 太陽 1 2000 500 1000 3000 5000
26 水星 1 2000 500 1000 3000 5000
27 金星 1 2000 500 1000 3000 5000
playerstate 0
0 00 30000 01 3 02 1
1 21 30000 07 1
2 24 30000 09 2
3 27 30000


