test 5 1　
0 起點 0 
1 屏東 1 50 100 200 300 400 
2 高雄 1 50 100 200 300 400 
3 加州 1 50 100 200 300 400 
4 矽谷 1 50 100 200 300 400 
5 柏林 1 50 100 200 300 400 
6 伯恩 1 50 100 200 300 400 
7 蘇黎世 1 50 100 200 300 400 
8 中山公園 1 50 100 200 300 400 
9 駁二 1 50 100 200 300 400 
10 博物館 1 50 100 200 300 400 
11 動物園 1 50 100 200 300 400 
12 科教館 1 50 100 200 300 400 
13 倫敦 1 50 100 200 300 400 
14 紅海 1 50 100 200 300 400 
15 絲路 1 50 100 200 300 400 
16 卡卡島 1 50 100 200 300 400 
17 東海 1 50 100 200 300 400 
18 空島 1 50 100 200 300 400 
19 黑暗大陸 1 50 100 200 300 400 
20 米花村 1 50 100 200 300 400 
21 草莓田 1 50 100 200 300 400 
22 葛飾署 1 50 100 200 300 400 
23 大阪 1 50 100 200 300 400 
24 首爾 1 50 100 200 300 400 
25 台灣海峽 1 50 100 200 300 400 
26 莫斯科 1 50 100 200 300 400 
27 沙哈拉 1 50 100 200 300 400 