base 20 4
00 地球 0
01 月球 1 2000 500 1000 3000 5000
02 火星 1 700 200 500 1000 3000
03 木星 1 750 200 600 1200 3200
04 命運 -1
05 土星 1 2000 500 1000 3000 5000
06 天王星 1 2000 500 1000 3000 5000
07 白洞 -3
08 海王星 1 2000 500 1000 3000 5000
09 冥王星 1 2000 500 1000 3000 5000
10 天狼星 1 2000 500 1000 3000 5000
11 織女星 1 2000 500 1000 3000 5000
12 牡羊座 1 2000 500 1000 3000 5000
13 金牛座 1 2000 500 1000 3000 5000
14 太空站 -4
15 雙子座 1 2000 500 1000 3000 5000
16 巨蟹座 1 2000 500 1000 3000 5000
17 獅子座 1 2000 500 1000 3000 5000
18 機會 -2
19 處女座 1 2000 500 1000 3000 5000
20 天秤座 1 2000 500 1000 3000 5000
21 黑洞 -5
22 射手座 1 2000 500 1000 3000 5000
23 摩羯座 1 2000 500 1000 3000 5000
24 水瓶座 1 2000 500 1000 3000 5000
25 雙魚座 1 2000 500 1000 3000 5000
26 水星 1 2000 500 1000 3000 5000
27 金星 1 2000 500 1000 3000 5000